Time_s
0.01
0.04
0.06
0.09
0.11
0.14
0.16
0.19
0.22
0.25
0.27
0.3
0.36
0.39
0.43
0.46
0.49
0.52
0.56
0.59
0.62
0.65
0.68
0.71
0.74
0.76
0.83
0.86
0.89
0.92
0.96
0.99
1.02
1.05
1.08
1.11
1.15
1.18
1.2
1.23
1.26
1.32
1.36
1.39
1.42
1.45
1.48
1.51
1.55
1.58
1.61
1.64
1.67
1.7
1.72
1.79
1.82
1.85
1.88
1.91
1.95
1.98
2.01
2.04
2.07
2.11
2.14
2.16
2.19
2.25
2.28
2.31
2.35
2.38
2.41
2.44
2.47
2.51
2.54
2.57
2.6
2.63
2.65
2.71
2.75
2.78
2.81
2.84
2.87
2.91
2.94
2.97
3.0
3.03
3.07
3.11
3.15
3.18
3.21
3.24
3.27
3.31
3.34
3.37
3.4
3.43
3.47
3.53
3.56
3.58
3.61
3.64
3.67
3.71
3.74
3.77
3.8
3.83
3.87
3.93
3.96
3.99
4.02
4.04
4.07
4.11
4.14
4.17
4.2
4.23
4.27
4.33
4.36
4.39
4.43
4.46
4.49
4.51
4.54
4.57
4.6
4.63
4.67
4.73
4.76
4.79
4.83
4.86
4.89
4.92
4.95
4.97
5.0
5.03
5.07
5.13
5.16
5.19
5.23
5.26
5.29
5.32
5.35
5.39
5.41
5.43
5.47
5.53
5.56
5.59
5.63
5.66
5.69
5.72
5.75
5.79
5.82
5.85
5.87
5.9
5.96
5.99
6.03
6.06
6.09
6.12
6.15
6.19
6.22
6.25
6.28
6.31
6.34
6.36
6.43
6.46
6.49
6.52
6.55
6.59
6.62
6.65
6.68
6.71
6.75
6.78
6.8
6.83
6.89
6.92
6.95
6.99
7.02
7.05
7.08
7.11
7.15
7.18
7.21
7.24
7.27
7.29
7.35
7.39
7.42
7.45
7.48
7.51
7.55
7.58
7.61
7.64
7.67
7.71
7.73
7.75
7.82
7.85
7.88
7.91
7.95
7.98
8.01
8.04
8.07
8.11
8.14
8.17
8.19
8.22
8.28
8.31
8.35
8.38
8.41
8.44
8.48
8.51
8.54
8.57
8.6
8.63
8.67
8.71
8.75
8.78
8.81
8.84
8.88
8.91
8.94
8.97
9.0
9.03
9.07
9.11
9.15
9.18
9.21
9.24
9.27
9.31
9.34
9.37
9.4
9.43
9.47
9.53
9.57
9.59
9.61
9.64
9.68
9.71
9.74
9.77
9.8
9.83
9.87
9.93
9.97
9.99
10.03
10.06
10.08
10.11
10.14
10.17
10.2
10.23
10.27
10.33
10.37
10.39
10.43
10.46
10.49
10.52
10.55
10.57
10.6
10.64
10.67
10.73
10.77
10.79
10.83
10.86
10.89
10.92
10.95
10.99
11.01
11.04
11.07
11.13
11.17
11.19
11.23
11.26
11.29
11.32
11.35
11.39
11.42
11.45
11.47
11.5
11.56
11.6
11.63
11.66
11.69
11.72
11.76
11.79
11.82
11.85
11.88
11.91
11.94
11.96
12.03
12.06
12.09
12.12
12.15
12.19
12.22
12.25
12.28
12.32
12.35
12.38
12.4
12.43
12.49
12.52
12.55
12.59
12.62
12.65
12.68
12.71
12.75
12.78
12.81
12.84
12.87
12.89
12.95
12.99
13.02
13.05
13.08
13.11
13.15
13.18
13.21
13.24
13.28
13.31
13.33
13.36
13.42
13.45
13.48
13.52
13.55
13.58
13.61
13.64
13.68
13.71
13.74
13.77
13.8
13.82
13.88
13.92
13.95
13.98
14.01
14.04
14.08
14.11
14.14
14.17
14.2
14.24
14.27
14.31
14.35
14.38
14.41
14.44
14.48
14.51
14.54
14.57
14.6
14.64
14.67
14.71
14.75
14.78
14.81
14.84
14.88
14.91
14.94
14.97
15.0
15.04
15.07
15.13
15.16
15.19
15.21
15.24
15.28
15.31
15.34
15.37
15.4
15.44
15.47
15.53
15.56
15.59
15.63
15.65
15.68
15.71
15.74
15.77
15.8
15.84
15.87
15.93
15.96
16.0
16.03
16.06
16.09
16.11
16.14
16.17
16.2
16.24
16.27
16.33
16.36
16.4
16.43
16.46
16.49
16.52
16.56
16.58
16.6
16.64
16.67
16.73
16.76
16.8
16.83
16.86
16.89
16.92
16.96
16.99
17.02
17.04
17.07
17.13
17.16
17.2
17.23
17.26
17.29
17.32
17.36
17.39
17.42
17.45
17.48
17.51
17.53
17.6
17.63
17.66
17.69
17.72
17.76
17.79
17.82
17.85
17.88
17.92
17.95
17.97
18.0
18.03
18.09
18.12
18.16
18.19
18.22
18.25
18.28
18.32
18.35
18.38
18.41
18.43
18.46
18.49
18.56
18.59
18.62
18.65
18.68
18.72
18.75
18.78
18.81
18.84
18.88
18.91
18.93
18.96
19.02
19.05
19.08
19.12
19.15
19.18
19.21
19.24
19.28
19.31
19.34
19.38
19.4
19.42
19.48
19.52
19.55
19.58
19.61
19.64
19.68
19.71
19.74
19.78
19.8
19.84
19.86
19.92
19.95
19.98
20.01
20.04
20.08
20.11
20.14
20.18
20.2
20.24
20.27
20.32
20.35
20.38
20.41
20.44
20.48
20.51
20.54
20.57
20.6
20.64
20.67
20.73
20.76
20.79
20.81
20.84
20.88
20.91
20.94
20.98
21.0
21.04
21.07
21.13
21.16
21.2
21.23
21.25
21.28
21.31
21.34
21.37
21.4
21.44
21.47
21.53
21.56
21.6
21.63
21.66
21.69
21.71
21.74
21.77
21.8
21.84
21.87
21.93
21.96
22.0
22.03
22.06
22.09
22.12
22.16
22.18
22.2
22.24
22.27
22.33
22.36
22.4
22.43
22.46
22.49
22.52
22.56
22.59
22.62
22.64
22.67
22.73
22.76
22.8
22.83
22.86
22.89
22.92
22.96
22.99
23.02
23.05
23.08
23.11
23.13
23.2
23.23
23.26
23.29
23.32
23.36
23.39
23.42
23.45
23.48
23.52
23.55
23.58
23.6
23.66
23.69
23.72
23.76
23.79
23.82
23.85
23.88
23.92
23.95
23.98
24.01
24.04
24.06
24.12
24.16
24.19
24.22
24.25
24.28
24.32
24.35
24.38
24.41
24.44
24.48
24.5
24.53
24.59
24.62
24.65
24.68
24.72
24.75
24.78
24.81
24.84
24.88
24.91
24.94
24.96
24.99
25.05
25.08
25.12
25.15
25.18
25.21
25.24
25.28
25.31
25.34
25.37
25.4
25.43
25.45
25.52
25.55
25.58
25.61
25.65
25.68
25.71
25.74
25.77
25.8
25.84
25.87
25.92
25.95
25.98
26.01
26.04
26.08
26.11
26.14
26.17
26.2
26.24
26.27
26.33
26.36
26.38
26.41
26.44
26.48
26.51
26.54
26.57
26.6
26.64
26.67
26.73
26.76
26.8
26.82
26.84
26.88
26.91
26.94
26.97
27.0
27.04
27.07
27.13
27.16
27.2
27.23
27.26
27.29
27.32
27.34
27.37
27.4
27.44
27.47
27.53
27.56
27.6
27.63
27.66
27.69
27.72
27.76
27.78
27.81
27.84
27.87
27.93
27.96
28.0
28.03
28.06
28.09
28.12
28.16
28.19
28.22
28.24
28.27
28.33
28.36
28.4
28.43
28.46
28.49
28.52
28.56
28.59
28.62
28.65
28.68
28.71
28.73
28.8
28.83
28.86
28.89
28.92
28.96
28.99
29.02
29.05
29.08
29.12
29.15
29.18
29.21
29.26
29.29
29.32
29.36
29.39
29.42
29.45
29.48
29.52
29.55
29.58
29.61
29.64
29.66
29.72
29.76
29.79
29.82
29.85
29.88
29.92
29.95
29.98
30.01
30.04
30.08
30.1
30.12
30.19
30.22
30.25
30.28
30.32
30.35
30.38
30.41
30.44
30.48
30.51
30.54
30.56
30.59
30.65
30.69
30.72
30.75
30.79
30.81
30.84
30.88
30.91
30.94
30.97
31.0
31.03
31.05
31.12
31.15
31.19
31.21
31.24
31.28
31.31
31.34
31.37
31.4
31.44
31.47
31.52
31.55
31.59
31.61
31.64
31.68
31.71
31.74
31.77
31.8
31.84
31.87
31.93
31.96
31.98
32.01
32.04
32.08
32.11
32.14
32.17
32.2
32.24
32.27
32.33
32.36
32.4
32.42
32.44
32.48
32.51
32.54
32.57
32.6
32.63
32.67
32.73
32.76
32.8
32.83
32.86
32.89
32.91
32.94
32.97
33.0
33.04
33.07
33.13
33.16
33.2
33.23
33.26
33.29
33.32
33.35
33.37
33.4
33.44
33.47
33.53
33.56
33.59
33.63
33.66
33.69
33.72
33.76
33.79
33.81
33.84
33.87
33.93
33.96
34.0
34.03
34.06
34.09
34.12
34.16
34.19
34.22
34.25
34.29
34.31
34.36
34.4
34.43
34.46
34.49
34.52
34.56
34.59
34.62
34.65
34.69
34.72
34.74
34.76
34.8
34.86
34.89
34.92
34.96
34.99
35.02
35.05
35.09
35.12
35.15
35.18
35.2
35.23
35.26
35.32
35.36
35.39
35.42
35.45
35.49
35.52
35.55
35.58
35.61
35.64
35.68
35.7
35.72
35.79
35.82
35.85
35.89
35.92
35.95
35.98
36.01
36.04
36.08
36.11
36.14
36.16
36.19
36.25
36.29
36.32
36.35
36.38
36.41
36.44
36.48
36.51
36.54
36.57
36.6
36.63
36.65
36.72
36.75
36.78
36.81
36.84
36.88
36.91
36.94
36.97
37.0
37.04
37.07
37.12
37.15
37.18
37.21
37.24
37.28
37.31
37.34
37.37
37.4
37.44
37.47
37.53
37.56
37.58
37.61
37.64
37.68
37.71
37.74
37.77
37.8
37.84
37.87
37.93
37.96
38.0
38.02
38.04
38.08
38.11
38.14
38.17
38.2
38.24
38.27
38.33
38.36
38.4
38.43
38.46
38.49
38.52
38.54
38.57
38.6
38.64
38.67
38.73
38.76
38.8
38.83
38.86
38.89
38.92
38.95
38.97
39.0
39.04
39.07
39.13
39.16
39.2
39.23
39.26
39.29
39.32
39.36
39.39
39.42
39.44
39.47
39.53
39.56
39.6
39.63
39.66
39.69
39.72
39.76
39.79
39.82
39.85
39.88
39.9
39.96
40.0
40.03
40.06
40.09
40.12
40.16
40.19
40.22
40.25
40.28
40.32
40.34
40.37
40.43
40.46
40.49
40.52
40.56
40.59
40.62
40.65
40.68
40.72
40.75
40.78
40.81
40.83
40.89
40.92
40.96
40.99
41.02
41.05
41.08
41.12
41.15
41.18
41.21
41.24
41.27
41.29
41.36
41.39
41.42
41.45
41.48
41.52
41.55
41.58
41.61
41.64
41.68
41.71
41.73
41.76
41.82
41.85
41.88
41.92
41.95
41.98
42.01
42.04
42.08
42.11
42.14
42.17
42.2
42.22
42.28
42.32
42.35
42.38
42.41
42.44
42.48
42.51
42.55
42.57
42.6
42.64
42.66
42.72
42.75
42.78
42.81
42.84
42.88
42.91
42.94
42.97
43.0
43.04
43.07
43.12
43.15
43.18
43.21
43.24
43.28
43.31
43.34
43.37
43.4
43.44
43.47
43.53
43.56
43.6
43.62
43.64
43.68
43.71
43.74
43.77
43.8
43.84
43.87
43.93
43.96
44.0
44.03
44.06
44.1
44.12
44.14
44.17
44.2
44.24
44.27
44.33
44.36
44.4
44.43
44.46
44.5
44.52
44.55
44.57
44.6
44.64
44.67
44.73
44.76
44.8
44.83
44.86
44.9
44.92
44.96
44.99
45.01
45.04
45.07
45.13
45.16
45.2
45.23
45.26
45.3
45.32
45.36
45.39
45.42
45.45
45.48
45.5
45.56
45.6
45.63
45.66
45.7
45.72
45.76
45.79
45.82
45.85
45.88
45.92
45.94
45.96
46.03
46.06
46.1
46.12
46.16
46.19
46.22
46.25
46.28
46.32
46.35
46.38
46.4
46.43
46.49
46.52
46.56
46.59
46.62
46.65
46.68
46.72
46.75
46.78
46.81
46.84
46.87
46.9
46.96
46.99
47.02
47.05
47.08
47.12
47.15
47.18
47.21
47.24
47.28
47.31
47.33
47.36
47.42
47.45
47.48
47.52
47.55
47.58
47.61
47.64
47.68
47.71
47.74
47.77
47.8
47.82
47.88
47.92
47.95
47.98
48.01
48.04
48.08
48.11
48.14
48.17
48.2
48.24
48.26
48.32
48.35
48.38
48.41
48.44
48.48
48.51
48.54
48.57
48.6
48.64
48.67
48.72
48.75
48.78
48.81
48.84
48.88
48.91
48.94
48.97
49.0
49.04
49.07
49.13
49.16
49.2
49.22
49.25
49.28
49.31
49.34
49.37
49.4
49.44
49.47
49.53
49.56
49.6
49.63
49.65
49.68
49.71
49.74
49.77
49.8
49.84
49.87
49.93
49.96
50.0
50.03
50.06
50.09
50.12
50.14
50.17
50.2
50.24
50.27
50.33
50.36
50.4
50.43
50.46
50.49
50.52
50.56
50.58
50.6
50.64
50.67
50.73
50.76
50.8
50.83
50.86
50.89
50.92
50.96
50.99
51.02
51.04
51.07
51.13
51.16
51.2
51.23
51.26
51.29
51.32
51.36
51.39
51.42
51.45
51.48
51.51
51.53
51.56
51.63
51.66
51.69
51.72
51.76
51.79
51.82
51.85
51.88
51.92
51.95
51.97
52.0
52.03
52.09
52.12
52.16
52.19
52.22
52.25
52.28
52.32
52.35
52.38
52.41
52.44
52.46
52.49
52.56
52.59
52.62
52.65
52.68
52.72
52.75
52.79
52.81
52.84
52.88
52.91
52.94
52.96
53.02
53.05
53.08
53.12
53.15
53.18
53.21
53.24
53.28
53.31
53.34
53.37
53.4
53.42
53.48
53.52
53.55
53.58
53.61
53.64
53.68
53.71
53.74
53.77
53.8
53.84
53.86
53.92
53.95
53.98
54.01
54.04
54.08
54.11
54.14
54.17
54.2
54.24
54.27
54.32
54.35
54.38
54.41
54.44
54.48
54.51
54.54
54.57
54.6
54.64
54.67
54.73
54.76
54.78
54.81
54.84
54.88
54.91
54.94
54.97
55.0
55.04
55.07
55.13
55.16
55.2
55.23
55.24
55.28
55.31
55.34
55.37
55.4
55.44
55.47
55.53
55.56
55.6
55.63
55.66
55.69
55.72
55.74
55.77
55.8
55.84
55.87
55.93
55.96
56.0
56.03
56.06
56.09
56.12
56.16
56.18
56.2
56.24
56.27
56.33
56.36
56.4
56.43
56.46
56.49
56.52
56.56
56.59
56.62
56.64
56.67
56.73
56.76
56.8
56.83
56.86
56.89
56.92
56.96
56.99
57.02
57.05
57.08
57.11
57.13
57.2
57.23
57.26
57.29
57.32
57.36
57.39
57.42
57.45
57.48
57.52
57.55
57.57
57.6
57.66
57.69
57.72
57.76
57.79
57.82
57.85
57.88
57.92
57.95
57.98
58.01
58.04
58.07
58.12
58.16
58.19
58.22
58.25
58.28
58.32
58.35
58.38
58.41
58.44
58.48
58.5
58.52
58.59
58.62
58.65
58.68
58.72
58.75
58.78
58.81
58.84
58.88
58.91
58.94
58.97
58.99
59.05
59.08
59.12
59.15
59.18
59.21
59.24
59.28
59.31
59.34
59.37
59.4
59.43
59.45
59.52
59.55
59.58
59.61
59.64
59.68
59.71
59.74
59.77
59.8
59.84
59.87
59.92
59.95
59.98
60.01
60.05
60.08
60.11
60.15
60.17
60.2
60.24
60.27
60.33
60.36
60.38
60.41
60.45
60.48
60.51
60.55
60.57
60.6
60.64
60.67
60.73
60.76
60.8
60.83
60.85
60.88
60.91
60.95
60.97
61.0
61.04
61.07
61.13
61.16
61.2
61.23
61.26
61.29
61.32
61.34
61.37
61.4
61.44
61.47
61.53
61.56
61.6
61.63
61.66
61.69
61.72
61.76
61.78
61.8
61.84
61.87
61.93
61.96
62.0
62.03
62.06
62.09
62.12
62.16
62.19
62.22
62.25
62.27
62.33
62.36
62.4
62.43
62.46
62.49
62.52
62.56
62.59
62.62
62.65
62.68
62.71
62.73
62.8
62.83
62.86
62.89
62.92
62.96
62.99
63.02
63.05
63.08
63.12
63.15
63.17
63.2
63.26
63.29
63.32
63.36
63.39
63.42
63.45
63.48
63.52
63.55
63.58
63.61
63.65
63.67
63.72
63.76
63.79
63.82
63.85
63.88
63.92
63.95
63.98
64.01
64.05
64.08
64.1
64.12
64.19
64.22
64.25
64.28
64.32
64.35
64.38
64.41
64.45
64.48
64.51
64.54
64.56
64.59
64.65
64.68
64.72
64.75
64.78
64.81
64.84
64.88
64.91
64.94
64.97
65.0
65.03
65.05
65.12
65.15
65.18
65.21
65.24
65.28
65.31
65.34
65.37
65.4
65.44
65.47
65.52
65.55
65.58
65.61
65.64
65.68
65.71
65.74
65.77
65.8
65.84
65.87
65.93
65.96
65.98
66.01
66.04
66.08
66.11
66.14
66.17
66.2
66.24
66.27
66.33
66.36
66.4
66.42
66.44
66.48
66.51
66.54
66.57
66.6
66.64
66.67
66.73
66.76
66.8
66.83
66.86
66.88
66.91
66.94
66.97
67.0
67.04
67.07
67.13
67.16
67.2
67.23
67.26
67.29
67.32
67.35
67.38
67.4
67.44
67.47
67.53
67.56
67.6
67.63
67.66
67.69
67.72
67.76
67.79
67.81
67.84
67.87
67.93
67.96
68.0
68.03
68.06
68.09
68.12
68.16
68.19
68.22
68.25
68.28
68.3
68.33
68.4
68.43
68.46
68.49
68.52
68.56
68.59
68.62
68.65
68.68
68.72
68.75
68.78
68.8
68.86
68.89
68.92
68.96
68.99
69.02
69.05
69.08
69.12
69.15
69.18
69.21
69.24
69.26
69.32
69.36
69.39
69.42
69.45
69.49
69.52
69.55
69.58
69.61
69.64
69.68
69.7
69.72
69.79
69.82
69.85
69.88
69.92
69.95
69.98
70.01
70.04
70.08
70.11
70.14
70.16
70.19
70.25
70.28
70.32
70.35
70.38
70.41
70.44
70.48
70.51
70.54
70.57
70.6
70.63
70.65
70.72
70.75
70.78
70.81
70.84
70.88
70.91
70.94
70.97
71.01
71.04
71.07
71.12
71.15
71.18
71.21
71.25
71.28
71.31
71.34
71.37
71.4
71.44
71.47
71.53
71.56
71.58
71.61
71.65
71.68
71.71
71.74
71.77
71.8
71.84
71.87
71.93
71.96
72.0
72.02
72.05
72.08
72.11
72.14
72.17
72.2
72.24
72.27
72.33
72.37
72.4
72.43
72.46
72.49
72.51
72.54
72.57
72.61
72.64
72.67
72.73
72.77
72.8
72.83
72.86
72.89
72.92
72.96
72.98
73.01
73.04
73.07
73.13
73.17
73.2
73.23
73.26
73.29
73.33
73.36
73.39
73.41
73.44
73.47
73.53
73.56
73.6
73.63
73.66
73.69
73.73
73.76
73.79
73.82
73.86
73.88
73.91
73.96
74.0
74.03
74.06
74.09
74.12
74.16
74.19
74.22
74.25
74.28
74.32
74.34
74.37
74.43
74.46
74.49
74.53
74.56
74.59
74.62
74.65
74.69
74.72
74.75
74.78
74.8
74.83
74.89
74.93
74.96
74.99
75.02
75.05
75.08
75.12
75.15
75.18
75.21
75.25
75.27
75.29
75.36
75.39
75.42
75.45
75.49
75.52
75.55
75.58
75.61
75.65
75.68
75.71
75.73
75.76
75.82
75.85
75.89
75.92
75.95
75.98
76.01
76.05
76.08
76.11
76.14
76.17
76.2
76.22
76.29
76.32
76.35
76.38
76.41
76.45
76.48
76.51
76.54
76.57
76.6
76.64
76.66
76.72
76.75
76.78
76.81
76.84
76.88
76.91
76.94
76.97
77.01
77.04
77.07
77.12
77.15
77.18
77.21
77.25
77.28
77.31
77.34
77.37
77.41
77.44
77.47
77.53
77.57
77.6
77.62
77.65
77.68
77.71
77.74
77.77
77.81
77.84
77.87
77.93
77.97
78.0
78.03
78.06
78.09
78.11
78.14
78.17
78.21
78.24
78.27
78.33
78.37
78.4
78.43
78.46
78.49
78.53
78.56
78.59
78.61
78.64
78.67
78.73
78.77
78.8
78.83
78.86
78.89
78.93
78.96
78.99
79.01
79.04
79.07
79.13
79.17
79.2
79.23
79.26
79.29
79.33
79.36
79.39
79.42
79.45
79.48
79.5
79.57
79.6
79.63
79.66
79.69
79.73
79.76
79.79
79.82
79.85
79.89
79.92
79.94
79.97
80.03
80.06
80.09
80.13
80.16
80.19
80.22
80.25
80.29
80.32
80.35
80.38
80.4
80.43
80.49
80.53
80.56
80.59
80.62
80.65
80.69
80.72
80.75
80.78
80.81
80.85
80.87
80.89
80.96
80.99
81.02
81.05
81.09
81.12
81.15
81.18
81.21
81.25
81.28
81.31
81.33
81.36
81.42
81.45
81.49
81.52
81.55
81.58
81.61
81.65
81.68
81.71
81.74
81.77
81.8
81.82
81.89
81.92
81.95
81.98
82.01
82.05
82.08
82.11
82.14
82.17
82.21
82.24
82.27
82.32
82.35
82.38
82.41
82.45
82.48
82.51
82.54
82.57
82.61
82.64
82.67
82.72
82.75
82.78
82.81
82.85
82.88
82.91
82.94
82.97
83.01
83.04
83.07
83.13
83.17
83.19
83.21
83.25
83.28
83.31
83.34
83.37
83.41
83.44
83.47
83.53
83.57
83.6
83.63
83.67
83.69
83.71
83.74
83.77
83.81
83.84
83.87
83.93
83.97
84.0
84.03
84.07
84.09
84.12
84.14
84.17
84.21
84.24
84.27
84.33
84.37
84.4
84.43
84.47
84.49
84.53
84.56
84.58
84.61
84.64
84.67
84.73
84.77
84.8
84.83
84.87
84.89
84.93
84.96
84.99
85.02
85.05
85.07
85.1
85.17
85.2
85.23
85.27
85.29
85.33
85.36
85.39
85.42
85.45
85.49
85.51
85.53
85.57
85.63
85.66
85.69
85.73
85.76
85.79
85.82
85.85
85.89
85.92
85.95
85.98
86.01
86.03
86.09
86.13
86.16
86.19
86.22
86.25
86.29
86.32
86.35
86.38
86.41
86.45
86.47
86.49
86.56
86.59
86.62
86.65
86.69
86.72
86.75
86.78
86.81
86.85
86.88
86.91
86.93
86.96
87.02
87.05
87.09
87.12
87.15
87.18
87.21
87.25
87.28
87.31
87.34
87.37
87.4
87.42
87.49
87.52
87.55
87.58
87.61
87.65
87.68
87.71
87.74
87.77
87.81
87.84
87.87
87.92
87.95
87.98
88.01
88.05
88.08
88.11
88.14
88.17
88.21
88.24
88.27
88.32
88.35
88.38
88.41
88.45
88.48
88.51
88.54
88.57
88.61
88.64
88.67
88.73
88.77
88.79
88.82
88.85
88.88
88.91
88.94
88.97
89.01
89.04
89.07
89.13
89.17
89.2
89.23
89.25
89.28
89.31
89.34
89.37
89.41
89.44
89.47
89.53
89.57
89.6
89.63
89.66
89.69
89.72
89.74
89.77
89.81
89.84
89.87
89.93
89.97
90.0
90.03
90.06
90.09
90.13
90.16
90.18
90.21
90.24
90.27
90.33
90.37
90.4
90.43
90.46
90.49
90.53
90.56
90.59
90.62
90.65
90.67
90.73
90.77
90.8
90.83
90.86
90.89
90.93
90.96
90.99
91.02
91.05
91.09
91.11
91.13
91.2
91.23
91.26
91.29
91.33
91.36
91.39
91.42
91.45
91.49
91.52
91.55
91.57
91.6
91.66
91.69
91.73
91.76
91.79
91.82
91.85
91.89
91.92
91.95
91.98
92.01
92.04
92.06
92.13
92.16
92.19
92.22
92.25
92.29
92.32
92.35
92.38
92.41
92.45
92.48
92.5
92.53
92.59
92.62
92.65
92.69
92.72
92.75
92.78
92.81
92.85
92.88
92.91
92.94
92.97
92.99
93.05
93.09
93.12
93.15
93.18
93.21
93.25
93.28
93.31
93.34
93.37
93.41
93.43
93.45
93.52
93.55
93.58
93.61
93.65
93.68
93.71
93.74
93.77
93.81
93.84
93.87
93.92
93.95
93.98
94.01
94.05
94.08
94.11
94.14
94.17
94.21
94.24
94.27
94.33
94.37
94.4
94.42
94.44
94.48
94.51
94.54
94.57
94.61
94.64
94.67
94.73
94.77
94.8
94.83
94.85
94.88
94.91
94.94
94.97
95.01
95.04
95.07
95.13
95.17
95.2
95.23
95.26
95.29
95.32
95.34
95.37
95.41
95.44
95.47
95.53
95.57
95.6
95.63
95.66
95.69
95.73
95.76
95.78
95.81
95.84
95.87
95.93
95.97
96.0
96.03
96.06
96.09
96.12
96.16
96.19
96.22
96.25
96.27
96.33
96.37
96.4
96.43
96.46
96.49
96.53
96.56
96.59
96.62
96.65
96.69
96.71
96.73
96.8
96.83
96.86
96.89
96.93
96.96
96.99
97.02
97.05
97.09
97.12
97.15
97.17
97.2
97.26
97.29
97.33
97.36
97.39
97.42
97.45
97.49
97.52
97.55
97.58
97.61
97.64
97.66
97.73
97.76
97.79
97.82
97.85
97.89
97.92
97.95
97.98
98.01
98.05
98.08
98.1
98.13
98.19
98.22
98.25
98.29
98.32
98.35
98.38
98.41
98.45
98.48
98.51
98.54
98.57
98.6
98.65
98.69
98.72
98.75
98.78
98.81
98.85
98.88
98.91
98.94
98.97
99.01
99.03
99.05
99.12
99.15
99.18
99.21
99.25
99.28
99.31
99.34
99.37
99.41
99.44
99.47
99.52
99.55
99.58
99.61
99.65
99.68
99.71
99.74
99.77
99.81
99.84
99.87
99.93
99.96
99.98
100.01
100.05
100.08
100.11
100.14
100.17
100.21
100.24
100.27
100.33
100.37
100.4
100.42
100.45
100.48
100.51
100.54
100.57
100.61
100.64
100.67
100.73
100.77
100.8
100.83
100.86
100.89
100.91
100.94
100.97
101.01
101.04
101.07
101.13
101.17
101.2
101.23
101.26
101.29
101.33
101.35
101.38
101.41
101.44
101.47
101.53
101.57
101.6
101.63
101.66
101.69
101.73
101.76
101.79
101.81
101.84
101.87
101.93
101.97
102.0
102.03
102.06
102.09
102.13
102.16
102.19
102.22
102.25
102.28
102.3
102.33
102.4
102.43
102.46
102.49
102.53
102.56
102.59
102.62
102.65
102.69
102.72
102.75
102.78
102.8
102.86
102.89
102.93
102.96
102.99
103.02
103.05
103.09
103.12
103.15
103.18
103.21
103.24
103.26
103.33
103.36
103.39
103.42
103.45
103.49
103.52
103.55
103.58
103.61
103.65
103.68
103.7
103.73
103.79
103.82
103.85
103.89
103.92
103.95
103.98
104.01
104.05
104.08
104.11
104.14
104.18
104.2
104.25
104.29
104.32
104.35
104.38
104.41
104.45
104.48
104.51
104.54
104.58
104.61
104.63
104.65
104.72
104.75
104.78
104.81
104.85
104.88
104.91
104.94
104.98
105.01
105.04
105.07
105.12
105.15
105.18
105.21
105.25
105.28
105.31
105.34
105.38
105.41
105.44
105.47
105.53
105.56
105.58
105.61
105.65
105.68
105.71
105.74
105.78
105.81
105.84
105.87
105.93
105.97
106.0
106.02
106.05
106.08
106.11
106.14
106.18
106.21
106.24
106.27
106.33
106.37
106.4
106.43
106.46
106.49
106.51
106.54
106.58
106.61
106.64
106.67
106.73
106.77
106.8
106.83
106.86
106.89
106.93
106.95
106.98
107.01
107.04
107.07
107.13
107.17
107.2
107.23
107.26
107.29
107.33
107.36
107.39
107.41
107.44
107.47
107.53
107.57
107.6
107.63
107.66
107.69
107.73
107.76
107.79
107.82
107.85
107.88
107.9
107.97
108.0
108.03
108.06
108.09
108.13
108.16
108.19
108.22
108.25
108.29
108.32
108.34
108.37
108.43
108.46
108.49
108.53
108.56
108.59
108.62
108.65
108.69
108.72
108.75
108.78
108.81
108.83
108.89
108.93
108.96
108.99
109.02
109.05
109.09
109.12
109.15
109.18
109.21
109.25
109.28
109.3
109.36
109.39
109.42
109.45
109.49
109.52
109.55
109.58
109.61
109.65
109.68
109.71
109.73
109.76
109.82
109.85
109.89
109.92
109.95
109.98
110.01
110.05
110.08
110.11
110.14
110.18
110.2
110.23
110.25
110.32
110.35
110.38
110.41
110.45
110.48
110.51
110.54
110.58
110.61
110.64
110.66
110.72
110.75
110.78
110.81
110.85
110.88
110.91
110.94
110.97
111.01
111.04
111.07
111.13
111.16
111.18
111.21
111.25
111.28
111.31
111.34
111.37
111.41
111.44
111.47
111.53
111.57
111.6
111.62
111.65
111.68
111.71
111.74
111.77
111.81
111.84
111.87
111.93
111.97
112.0
112.03
112.06
112.09
112.11
112.14
112.17
112.21
112.24
112.27
112.33
112.37
112.4
112.43
112.46
112.49
112.53
112.55
112.57
112.61
112.64
112.67
112.73
112.77
112.8
112.83
112.86
112.89
112.93
112.96
112.99
113.01
113.04
113.07
113.13
113.17
113.2
113.23
113.26
113.29
113.33
113.36
113.39
113.42
113.45
113.48
113.51
113.57
113.6
113.63
113.66
113.69
113.73
113.76
113.79
113.82
113.85
113.89
113.92
113.95
113.97
114.03
114.06
114.09
114.13
114.16
114.19
114.22
114.25
114.29
114.32
114.35
114.38
114.4
114.43
114.49
114.53
114.56
114.59
114.62
114.65
114.69
114.72
114.75
114.78
114.81
114.85
114.86
114.89
114.96
114.99
115.02
115.05
115.09
115.12
115.15
115.18
115.21
115.25
115.28
115.31
115.33
115.36
115.42
115.45
115.49
115.52
115.55
115.58
115.61
115.65
115.68
115.71
115.74
115.77
115.81
115.83
115.89
115.92
115.95
115.98
116.01
116.05
116.08
116.11
116.14
116.17
116.21
116.24
116.27
116.32
116.35
116.38
116.41
116.45
116.48
116.51
116.54
116.57
116.61
116.64
116.67
116.72
116.75
116.78
116.81
116.85
116.88
116.91
116.94
116.97
117.01
117.04
117.07
117.13
117.17
117.19
117.21
117.25
117.28
117.31
117.34
117.37
117.41
117.44
117.47
117.53
117.57
117.6
117.63
117.65
117.68
117.71
117.74
117.77
117.81
117.84
117.87
117.93
117.97
118.0
118.03
118.06
118.09
118.12
118.14
118.17
118.21
118.24
118.27
118.33
118.37
118.4
118.43
118.46
118.49
118.53
118.56
118.58
118.61
118.64
118.67
118.73
118.77
118.8
118.83
118.86
118.89
118.93
118.96
118.99
119.02
119.05
119.08
119.1
119.17
119.2
119.23
119.26
119.29
119.33
119.36
119.39
119.42
119.45
119.49
119.52
119.55
119.58
119.63
119.66
119.69
119.73
119.76
119.79
119.82
119.85
119.89
119.92
119.95
119.98
120.01
120.03
120.09
120.13
120.16
120.19
120.22
120.25
120.29
120.32
120.36
120.38
120.41
120.45
120.47
120.49
120.56
120.59
120.62
120.66
120.69
120.72
120.76
120.78
120.81
120.85
120.88
120.91
120.93
120.96
121.02
121.06
121.09
121.12
121.16
121.18
121.21
121.25
121.28
121.31
121.34
121.37
121.4
121.42
121.49
121.52
121.56
121.58
121.61
121.65
121.68
121.71
121.74
121.77
121.81
121.84
121.86
121.92
121.95
121.98
122.01
122.05
122.08
122.11
122.14
122.17
122.21
122.24
122.27
122.32
122.35
122.38
122.41
122.45
122.48
122.51
122.54
122.57
122.61
122.64
122.67
122.73
122.77
122.79
122.81
122.85
122.88
122.91
122.94
122.97
123.01
123.04
123.07
123.13
123.17
123.2
123.23
123.26
123.28
123.31
123.34
123.37
123.41
123.44
123.47
123.53
123.57
123.6
123.63
123.66
123.69
123.72
123.74
123.77
123.81
123.84
123.87
123.93
123.97
124.0
124.03
124.06
124.09
124.13
124.16
124.18
124.21
124.24
124.27
124.34
124.37
124.4
124.43
124.46
124.49
124.53
124.56
124.59
124.62
124.66
124.68
124.73
124.77
124.8
124.83
124.86
124.89
124.93
124.96
124.99
125.02
125.06
125.09
125.11
125.13
125.2
125.23
125.26
125.29
125.33
125.36
125.39
125.42
125.46
125.49
125.52
125.55
125.57
125.6
125.66
125.69
125.73
125.76
125.79
125.82
125.86
125.89
125.92
125.95
125.98
126.01
126.04
126.06
126.13
126.16
126.19
126.22
126.26
126.29
126.32
126.35
126.38
126.41
126.45
126.48
126.49
126.53
126.59
126.62
126.66
126.69
126.72
126.75
126.78
126.81
126.85
126.88
126.91
126.94
126.97
126.99
127.02
127.09
127.12
127.15
127.18
127.21
127.25
127.28
127.31
127.34
127.37
127.41
127.43
127.46
127.52
127.55
127.58
127.61
127.65
127.68
127.71
127.74
127.77
127.81
127.84
127.87
127.92
127.95
127.98
128.01
128.05
128.08
128.11
128.14
128.17
128.21
128.24
128.27
128.33
128.37
128.39
128.42
128.45
128.48
128.51
128.54
128.57
128.61
128.64
128.67
128.73
128.77
128.8
128.83
128.86
128.89
128.91
128.94
128.97
129.01
129.04
129.07
129.13
129.17
129.2
129.23
129.26
129.29
129.32
129.34
129.37
129.41
129.44
129.47
129.53
129.57
129.6
129.63
129.66
129.69
129.73
129.76
129.79
129.81
129.84
129.87
129.93
129.97
130.0
130.03
130.06
130.09
130.13
130.16
130.19
130.22
130.25
130.27
130.33
130.37
130.4
130.43
130.46
130.49
130.53
130.56
130.59
130.62
130.66
130.69
130.71
130.73
130.8
130.83
130.86
130.89
130.93
130.96
130.99
131.02
131.05
131.09
131.12
131.15
131.17
131.2
131.26
131.29
131.33
131.36
131.39
131.42
131.45
131.49
131.52
131.55
131.58
131.61
131.64
131.66
131.73
131.76
131.79
131.82
131.85
131.89
131.92
131.95
131.98
132.01
132.05
132.08
132.1
132.13
132.19
132.22
132.26
132.29
132.32
132.35
132.38
132.41
132.45
132.48
132.51
132.54
132.57
132.59
132.65
132.69
132.72
132.75
132.78
132.81
132.85
132.88
132.91
132.94
132.97
133.01
133.03
133.06
133.12
133.15
133.18
133.21
133.25
133.28
133.31
133.34
133.37
133.41
133.44
133.47
133.52
133.55
133.58
133.61
133.65
133.68
133.71
133.74
133.78
133.81
133.84
133.87
133.93
133.97
133.99
134.02
134.05
134.08
134.11
134.14
134.18
134.21
134.24
134.27
134.33
134.37
134.4
134.42
134.45
134.48
134.51
134.54
134.58
134.61
134.64
134.67
134.74
134.77
134.8
134.83
134.87
134.89
134.92
134.94
134.98
135.01
135.04
135.07
135.14
135.17
135.2
135.23
135.27
135.29
135.33
135.35
135.38
135.41
135.44
135.47
135.54
135.57
135.6
135.63
135.67
135.69
135.73
135.76
135.79
135.81
135.84
135.87
135.93
135.97
136.0
136.03
136.06
136.1
136.13
136.16
136.19
136.22
136.26
136.29
136.31
136.34
136.4
136.43
136.46
136.5
136.53
136.56
136.59
136.62
136.66
136.69
136.72
136.75
136.77
136.8
136.86
136.9
136.93
136.96
136.99
137.02
137.06
137.09
137.12
137.15
137.18
137.22
137.24
137.26
137.33
137.36
137.39
137.42
137.46
137.49
137.52
137.55
137.58
137.62
137.65
137.68
137.7
137.73
137.79
137.82
137.86
137.89
137.92
137.95
137.98
138.02
138.05
138.08
138.11
138.14
138.17
138.19
138.26
138.29
138.32
138.35
138.38
138.42
138.45
138.48
138.51
138.54
138.58
138.61
138.63
138.66
138.72
138.75
138.78
138.82
138.85
138.88
138.91
138.94
138.97
139.01
139.04
139.07
139.12
139.15
139.18
139.22
139.25
139.28
139.31
139.34
139.38
139.41
139.44
139.47
139.53
139.57
139.6
139.62
139.65
139.68
139.71
139.74
139.78
139.81
139.84
139.87
139.94
139.97
140.0
140.02
140.05
140.08
140.11
140.14
140.18
140.21
140.24
140.27
140.34
140.37
140.4
140.43
140.46
140.49
140.51
140.54
140.57
140.61
140.64
140.67
140.74
140.77
140.8
140.83
140.86
140.89
140.93
140.95
140.98
141.01
141.04
141.07
141.13
141.17
141.2
141.23
141.26
141.3
141.33
141.36
141.39
141.42
141.44
141.47
141.54
141.57
141.6
141.63
141.66
141.7
141.73
141.76
141.79
141.82
141.86
141.88
141.9
141.97
142.0
142.03
142.07
142.1
142.13
142.17
142.19
142.22
142.26
142.29
142.32
142.34
142.37
142.43
142.46
142.5
142.53
142.56
142.59
142.62
142.66
142.69
142.72
142.75
142.78
142.81
142.83
142.9
142.93
142.96
142.99
143.02
143.06
143.09
143.12
143.15
143.18
143.22
143.25
143.27
143.3
143.36
143.39
143.42
143.46
143.49
143.52
143.55
143.58
143.62
143.65
143.68
143.71
143.74
143.76
143.79
143.86
143.89
143.92
143.95
143.98
144.02
144.05
144.08
144.11
144.14
144.18
144.2
144.22
144.26
144.32
144.35
144.38
144.42
144.45
144.48
144.51
144.54
144.58
144.61
144.64
144.67
144.72
144.75
144.78
144.82
144.85
144.88
144.91
144.94
144.98
145.01
145.04
145.07
145.14
145.17
145.19
145.22
145.25
145.28
145.31
145.34
145.38
145.41
145.44
145.47
145.54
145.57
145.6
145.62
145.65
145.68
145.71
145.74
145.78
145.81
145.84
145.87
145.94
145.97
146.0
146.03
146.06
146.09
146.11
146.14
146.18
146.21
146.24
146.27
146.34
146.37
146.4
146.43
146.46
146.5
146.53
146.55
146.58
146.61
146.64
146.67
146.74
146.77
146.8
146.83
146.86
146.9
146.93
146.96
146.99
147.02
147.04
147.07
147.14
147.17
147.2
147.23
147.26
147.3
147.33
147.36
147.39
147.42
147.46
147.48
147.5
147.57
147.6
147.63
147.66
147.7
147.73
147.76
147.79
147.82
147.85
147.89
147.92
147.94
147.97
148.03
148.06
148.1
148.13
148.16
148.19
148.22
148.26
148.29
148.32
148.35
148.38
148.41
148.43
148.5
148.53
148.56
148.59
148.62
148.66
148.69
148.72
148.75
148.78
148.82
148.85
148.87
148.9
148.96
148.99
149.02
149.06
149.09
149.12
149.15
149.18
149.22
149.25
149.28
149.31
149.34
149.36
149.42
149.46
149.49
149.52
149.55
149.58
149.62
149.65
149.68
149.71
149.74
149.78
149.8
149.82
149.89
149.92
149.95
149.98
150.02
